1.000000000 0.000000000 0.000000000 0.000000000 0.000000000 1.000000000 0.000000000 0.000000000 0.000000000 0.000000000 1.000000000 0.000000000
0.999040723 -0.000359919 0.043789372 0.044834722 0.000469253 0.999996781 -0.002486574 -0.018973961 -0.043788336 0.002504737 0.999037683 1.019528866
0.996042728 -0.004548255 0.088759378 0.138916835 0.005227213 0.999958813 -0.007418483 -0.038592979 -0.088721976 0.007853090 0.996025443 2.029100895
0.990922749 -0.004126589 0.134369105 0.270989776 0.005715965 0.999918163 -0.011444805 -0.061024681 -0.134310871 0.012108967 0.990865290 3.038276434
0.983582973 -0.001749912 0.180448055 0.446482450 0.004337241 0.999893367 -0.013944793 -0.085716516 -0.180404425 0.014498507 0.983485639 4.036276340
0.974039674 -0.004030402 0.226341546 0.671931446 0.007356827 0.999876976 -0.013854883 -0.116498433 -0.226257861 0.015160360 0.973949432 5.023230553
0.962379158 -0.004689070 0.271669567 0.946554184 0.009159450 0.999842703 -0.015189526 -0.143407911 -0.271555603 0.017106427 0.962270737 6.009273529
0.948806107 -0.006891361 0.315783858 1.259689093 0.013188438 0.999754429 -0.017808389 -0.176454917 -0.315583587 0.021061406 0.948664010 6.970104694
0.933605909 -0.008505451 0.358200490 1.625683188 0.016571904 0.999673367 -0.019455461 -0.209328070 -0.357918024 0.024099799 0.933441937 7.916476250
0.916157365 -0.008279137 0.400733262 2.023969650 0.017952969 0.999630868 -0.020391779 -0.240553528 -0.400416523 0.025876431 0.915967822 8.848563194
0.896452844 -0.008558720 0.443056554 2.461755514 0.018997340 0.999636531 -0.019127607 -0.272020906 -0.442731827 0.025563892 0.896289587 9.749018669
0.874549985 -0.008576601 0.484859526 2.945846319 0.019834902 0.999639511 -0.018094119 -0.314748049 -0.484529555 0.025441352 0.874404848 10.621326447
0.850446403 -0.008749974 0.525988996 3.465282917 0.020701226 0.999643862 -0.016841467 -0.349465013 -0.525654256 0.025211379 0.850324631 11.476150513
0.824907422 -0.008704860 0.565200806 4.015954018 0.022047687 0.999616027 -0.016783033 -0.386920452 -0.564837694 0.026305821 0.824782610 12.281023026
0.797423124 -0.010674580 0.603326142 4.615451336 0.025870819 0.999528944 -0.016509213 -0.419948399 -0.602865756 0.028773367 0.797323704 13.086874008
0.768573225 -0.009541477 0.639690757 5.246662617 0.026682317 0.999496818 -0.017149914 -0.450965345 -0.639205217 0.030249394 0.768441081 13.848962784
0.737939417 -0.012590636 0.674749494 5.909988403 0.031541124 0.999376833 -0.015846845 -0.482573032 -0.674129486 0.032976367 0.737876654 14.563127518
0.705995023 -0.012202830 0.708111644 6.642603397 0.032333389 0.999364376 -0.015014777 -0.519368887 -0.707478285 0.033496007 0.705940843 15.298112869
0.671706736 -0.011138410 0.740733445 7.360265732 0.033737317 0.999309480 -0.015566822 -0.551534653 -0.740048587 0.035446696 0.671618700 15.951940536
0.636207640 -0.011686141 0.771429360 8.144196510 0.037967198 0.999148071 -0.016176254 -0.574529946 -0.770583093 0.039580468 0.636109352 16.595924377
0.599424601 -0.009900851 0.800369978 8.921069145 0.038075469 0.999144256 -0.016156271 -0.603725851 -0.799525142 0.040158927 0.599288642 17.179014206
0.561564684 -0.008788068 0.827386200 9.723005295 0.040830355 0.999019742 -0.017101366 -0.641239583 -0.826424897 0.043385994 0.561372995 17.722576141
0.522133231 -0.006549271 0.852838814 10.607250214 0.045254409 0.998774529 -0.020036131 -0.662736952 -0.851662457 0.049056247 0.521789789 18.288541794
0.483045995 -0.005686807 0.875576496 11.453586578 0.047014885 0.998704791 -0.019451085 -0.688789248 -0.874331832 0.050560895 0.482687712 18.755273819
0.444268346 -0.006980175 0.895866573 12.355906487 0.051523715 0.998513639 -0.017771127 -0.718067944 -0.894410908 0.054053523 0.443967640 19.209697723
0.407321453 -0.007625066 0.913253069 13.258955956 0.055784687 0.998305738 -0.016545422 -0.744864464 -0.911579609 0.057684839 0.407056689 19.601539612
0.371760666 -0.004911344 0.928315580 14.183201790 0.057058480 0.998216212 -0.017568933 -0.772258043 -0.926573455 0.059499718 0.371377766 19.980552673
0.338181555 -0.005549902 0.941064537 15.134827614 0.058040760 0.998201966 -0.014970692 -0.792182088 -0.939289391 0.059682913 0.337895572 20.324661255
0.304707646 -0.007143069 0.952419221 16.091964722 0.060528886 0.998095751 -0.011879377 -0.815975904 -0.950520694 0.061268605 0.304559767 20.631317139
0.271742523 -0.006872172 0.962345481 17.073196411 0.061089471 0.998080969 -0.010122797 -0.836998284 -0.960429192 0.061539963 0.271640837 20.909318924
0.239482462 -0.003817251 0.970893145 18.068843842 0.058528870 0.998230338 -0.010512119 -0.855840564 -0.969134927 0.059342749 0.239282072 21.150688171
0.208546400 -0.002121087 0.978010118 19.081981659 0.058505457 0.998233855 -0.010310486 -0.873013735 -0.976260960 0.059369147 0.208302200 21.366661072
0.178039670 -0.001868755 0.984021604 20.100641251 0.060685113 0.998115599 -0.009084279 -0.890714645 -0.982150376 0.061332822 0.177817583 21.553197861
0.147415996 -0.001943167 0.989072680 21.136680603 0.062606484 0.998011053 -0.007370438 -0.904797375 -0.987091184 0.063008890 0.147244453 21.703197479
0.116990983 -0.002630463 0.993129492 22.186346054 0.061018981 0.998126268 -0.004544364 -0.922975779 -0.991256714 0.061131403 0.116932333 21.833375931
0.087508321 -0.003030021 0.996159196 23.266527176 0.061579291 0.998099387 -0.002373558 -0.937720120 -0.994258642 0.061550479 0.087528586 21.929800034
0.060364127 -0.002586700 0.998173118 24.353178024 0.064703152 0.997903645 -0.001326896 -0.942703068 -0.996077180 0.064665042 0.060404956 21.992906570
0.035249352 -0.001922615 0.999376655 25.461265564 0.068956152 0.997619569 -0.000512935 -0.949227691 -0.996996760 0.068931252 0.035298049 22.024621964
0.012505591 -0.001409896 0.999920964 26.575365067 0.073427089 0.997300446 0.000487864 -0.959134579 -0.997222304 0.073415175 0.012575388 22.037490845
-0.007709384 -0.001375768 0.999969363 27.718053818 0.079079196 0.996866345 0.001981173 -0.963202298 -0.996838570 0.079092041 -0.007576466 22.022203445
-0.025334358 -0.001929268 0.999677360 28.864768982 0.083358854 0.996511400 0.004035674 -0.963367224 -0.996197641 0.083434179 -0.025085211 21.987581253
-0.040834785 -0.001702022 0.999164462 30.043766022 0.086653173 0.996224761 0.005238429 -0.962302804 -0.995401263 0.086794674 -0.040533066 21.933008194
-0.055186391 -0.002199493 0.998473585 31.213872910 0.089018106 0.996004581 0.007114150 -0.964318514 -0.994499981 0.089274839 -0.054770112 21.866552353
-0.068419576 -0.003428537 0.997650921 32.391998291 0.089067280 0.995980024 0.009531073 -0.970265031 -0.993673027 0.089510150 -0.067839146 21.787284851
-0.080533981 -0.003313113 0.996746421 33.572753906 0.088788360 0.995995343 0.010484442 -0.970010996 -0.992789507 0.089343823 -0.079917312 21.694187164
-0.091551065 -0.000433624 0.995800436 34.774726868 0.088780619 0.996014118 0.008595940 -0.965533376 -0.991835058 0.089194730 -0.091147661 21.582530975
-0.101844788 0.003064524 0.994795740 35.990928650 0.089498892 0.995968282 0.006094526 -0.964746952 -0.990766346 0.089653805 -0.101708412 21.458171844
-0.110976100 0.005452234 0.993808150 37.228630066 0.090572119 0.995879054 0.004650373 -0.967131495 -0.989687324 0.090527385 -0.111012697 21.316116333
-0.118135571 0.006575841 0.992975652 38.485481262 0.090227649 0.995912552 0.004139207 -0.963061571 -0.988889754 0.090082847 -0.118245959 21.164726257
-0.124220610 0.007071834 0.992229521 39.774085999 0.089915156 0.995940745 0.004158489 -0.965832710 -0.988172352 0.089733034 -0.124352217 21.013519287
-0.129167914 0.008830190 0.991583467 41.073822021 0.091172472 0.995830595 0.003008500 -0.964084744 -0.987422585 0.090793714 -0.129434466 20.844142914
-0.133888721 0.010449875 0.990941405 42.401081085 0.090274289 0.995915473 0.001694851 -0.963890195 -0.986876249 0.089683436 -0.134285212 20.677036285
-0.137777686 0.011489041 0.990396559 43.739322662 0.090717167 0.995876133 0.001067385 -0.961026907 -0.986300051 0.089993030 -0.138251781 20.484928131
-0.140692949 0.010312568 0.989999592 45.126186371 0.090477362 0.995895386 0.002484117 -0.967878461 -0.985910475 0.089922041 -0.141048431 20.293788910
-0.145154715 0.008685600 0.989370942 46.524074554 0.090960294 0.995843887 0.004602730 -0.971426487 -0.985219002 0.090661570 -0.145341396 20.124523163
-0.147103310 0.007215153 0.989094794 47.931732178 0.090408117 0.995885611 0.006181274 -0.970887780 -0.984980643 0.090331480 -0.147150278 19.911796570
-0.147617340 0.007799447 0.989013851 49.347282410 0.093914323 0.995561182 0.006166298 -0.974672198 -0.984575689 0.093792811 -0.147694588 19.686668396
-0.148523688 0.007301733 0.988882005 50.778755188 0.094078414 0.995541692 0.006779052 -0.972344398 -0.984423816 0.094039291 -0.148548365 19.473091125
-0.149220228 0.008628771 0.988766372 52.255123138 0.095335536 0.995428860 0.005700707 -0.965352297 -0.984197438 0.095115229 -0.149360776 19.251796722
-0.149844885 0.008795522 0.988670528 53.738792419 0.094814368 0.995479703 0.005514149 -0.961172462 -0.984152973 0.094566420 -0.150001407 19.040126801
-0.148777723 0.010580979 0.988814056 55.226547241 0.094569743 0.995511830 0.003576387 -0.953596950 -0.984338224 0.094043970 -0.149110556 18.816062927
-0.147727609 0.010798808 0.988969028 56.743045807 0.095351651 0.995437920 0.003373746 -0.947560787 -0.984420836 0.094798237 -0.148083329 18.597576141
-0.146463752 0.009121697 0.989173949 58.274230957 0.093865782 0.995573699 0.004717693 -0.956984758 -0.984752476 0.093540564 -0.146671653 18.377296448
-0.145120978 0.010065418 0.989362895 59.834316254 0.094705284 0.995498240 0.003763635 -0.949751496 -0.984871089 0.094244063 -0.145420909 18.152816772
-0.144478679 0.010568783 0.989451468 61.416954041 0.094714925 0.995499313 0.003196795 -0.956383467 -0.984964430 0.094177693 -0.144829512 17.927017212
-0.143539667 0.011418823 0.989578664 63.019569397 0.095427752 0.995433569 0.002355531 -0.950160861 -0.985032976 0.094771378 -0.143973827 17.695640564
-0.142319441 0.010948155 0.989760280 64.656303406 0.095178530 0.995456636 0.002674732 -0.954548240 -0.985234141 0.094584599 -0.142714858 17.460266113
-0.140780568 0.009608272 0.989994287 66.309715271 0.097549558 0.995221734 0.004212860 -0.951430082 -0.985223413 0.097166583 -0.141045094 17.207603455
-0.140310645 0.007686421 0.990077734 67.960929871 0.098845482 0.995082974 0.006282773 -0.950302124 -0.985161185 0.098746240 -0.140380502 16.985679626
-0.139914989 0.009004407 0.990122736 69.658271790 0.099994183 0.994975030 0.005081691 -0.941789627 -0.985101640 0.099717505 -0.140112281 16.751663208
-0.138806462 0.010908309 0.990259469 71.330123901 0.102665767 0.994709969 0.003433511 -0.947823763 -0.984983504 0.102142334 -0.139191985 16.514442444
-0.138217688 0.010518398 0.990346014 73.037277222 0.101559356 0.994822919 0.003608182 -0.948359966 -0.985181034 0.101077624 -0.138570309 16.282539368
-0.138281465 0.010281552 0.990339637 74.773979187 0.102254063 0.994750500 0.003950428 -0.956344128 -0.985100150 0.101812512 -0.138606906 16.056274414
-0.137925148 0.009327285 0.990398705 76.520828247 0.102303237 0.994741321 0.004878793 -0.957729340 -0.985145032 0.101993904 -0.138154030 15.817108154
-0.137769341 0.009605959 0.990417778 78.278884888 0.103649519 0.994602442 0.004771341 -0.952604532 -0.985026062 0.103313670 -0.138021350 15.577201843
-0.137586713 0.009547267 0.990443826 80.059707642 0.104680762 0.994493544 0.004955325 -0.950441599 -0.984942675 0.104362190 -0.137828469 15.326339722
-0.137709975 0.010615740 0.990415752 81.847808838 0.104934096 0.994471431 0.003931090 -0.950901508 -0.984898388 0.104469731 -0.138062596 15.086311340
-0.138274312 0.011446066 0.990327895 83.656517029 0.104449429 0.994525373 0.003089141 -0.952373981 -0.984870851 0.103866324 -0.138712764 14.834938049
-0.139426589 0.012148656 0.990157902 85.480499268 0.103477873 0.994628966 0.002367459 -0.959938049 -0.984810889 0.102789521 -0.139934897 14.581375122
-0.140776038 0.012673438 0.989960492 87.305290222 0.102644943 0.994716287 0.001862153 -0.964442492 -0.984706223 0.101876572 -0.141333103 14.334350586
-0.141924739 0.011803478 0.989807069 89.167045593 0.101782039 0.994802952 0.002731092 -0.970881939 -0.984630764 0.101132192 -0.142388463 14.071601868
-0.142780066 0.011281207 0.989690125 91.032882690 0.101662897 0.994813323 0.003327038 -0.979025364 -0.984519422 0.101089805 -0.143186450 13.805068970
-0.143074393 0.010418080 0.989657223 92.927597046 0.099182718 0.995061755 0.003863830 -0.977402210 -0.984729826 0.098709702 -0.143401146 13.524307251
-0.144858718 0.011373613 0.989386916 94.821815491 0.099094346 0.995073318 0.003069684 -0.981290817 -0.984477639 0.098487332 -0.145272136 13.258628845
-0.147335291 0.012239054 0.989010930 96.734840393 0.098080061 0.995175898 0.002295874 -0.982129097 -0.984211683 0.097340509 -0.147825003 12.972473145
-0.151140571 0.013247911 0.988423526 98.666999817 0.098777920 0.995107949 0.001766704 -0.982314348 -0.983564675 0.097901441 -0.151709795 12.675979614
-0.156060219 0.012169022 0.987672567 100.607063293 0.096433550 0.995334983 0.002973840 -0.993081093 -0.983028889 0.095708877 -0.156505704 12.385391235
-0.161117673 0.011120327 0.986872613 102.547851562 0.094782703 0.995488882 0.004256878 -1.003798485 -0.982373416 0.094224304 -0.161444783 12.089538574
-0.166018605 0.011723552 0.986052930 104.502365112 0.092942744 0.995664179 0.003810648 -1.010863304 -0.981732905 0.092279106 -0.166388392 11.778053284
-0.170700908 0.013639834 0.985228658 106.457458496 0.093755841 0.995592177 0.002460834 -1.019390821 -0.980852365 0.092790991 -0.171227336 11.443847656
-0.175445914 0.015726715 0.984363437 108.449981689 0.093430221 0.995625556 0.000745691 -1.022732496 -0.980045676 0.092100121 -0.176147819 11.103103638
-0.180203080 0.015761320 0.983503222 110.431816101 0.092082947 0.995750904 0.000914358 -1.038974762 -0.979309797 0.090728641 -0.180888772 10.751205444
-0.184959531 0.015438784 0.982624829 112.429504395 0.090367600 0.995907545 0.001362424 -1.048918247 -0.978582442 0.089049444 -0.185597777 10.379501343
-0.190470934 0.014806084 0.981581211 114.438903809 0.088637665 0.996061563 0.002175190 -1.060995817 -0.977683067 0.087419376 -0.191033125 9.999908447
-0.195734024 0.014265917 0.980553329 116.426986694 0.088201113 0.996097803 0.003114272 -1.071146965 -0.976682603 0.087095454 -0.196228504 9.617645264
-0.201368690 0.014105726 0.979413986 118.460327148 0.088226601 0.996093214 0.003793549 -1.076236248 -0.975534081 0.087174267 -0.201826453 9.202560425
-0.205672741 0.015751798 0.978494108 120.460693359 0.089103773 0.996018708 0.002695091 -1.083622932 -0.974556029 0.087741815 -0.206257463 8.771133423
-0.212717175 0.017242342 0.976961672 122.501632690 0.088525183 0.996072471 0.001695260 -1.082448483 -0.973095477 0.086846322 -0.213408113 8.371261597
-0.218634367 0.016976696 0.975659192 124.531570435 0.088814244 0.996044874 0.002570864 -1.096217632 -0.971756756 0.087214515 -0.219277382 7.925399780
-0.223909497 0.016981713 0.974461973 126.562973022 0.088092998 0.996108055 0.002882872 -1.098801136 -0.970620453 0.086488783 -0.224534035 7.462722778
-0.229005694 0.017781556 0.973262846 128.609161377 0.087508336 0.996160924 0.002390519 -1.107618809 -0.969483912 0.085716039 -0.229682565 6.988754272
-0.233924866 0.018230498 0.972083747 130.648712158 0.086635560 0.996237695 0.002164733 -1.116230011 -0.968387067 0.084723398 -0.234624147 6.501510620
-0.237921953 0.017610997 0.971124589 132.705566406 0.087615848 0.996148527 0.003400765 -1.113252163 -0.967324436 0.085895024 -0.238548636 5.991058350
-0.242027044 0.017644376 0.970109046 134.781860352 0.089939922 0.995937824 0.004324451 -1.116054535 -0.966091931 0.088298172 -0.242630720 5.478088379
-0.245259285 0.018391099 0.969283164 136.847564697 0.091178015 0.995825827 0.004176192 -1.124669075 -0.965160429 0.089401551 -0.245912433 4.959350586
-0.248618960 0.018817805 0.968418598 138.922821045 0.091478333 0.995798469 0.004135091 -1.134864330 -0.964271903 0.089617386 -0.249295712 4.437316895
-0.251792908 0.018415220 0.967605889 141.012939453 0.090687267 0.995868564 0.004645772 -1.145658970 -0.963522732 0.088919312 -0.252422690 3.897399902
-0.255606890 0.019180536 0.966590583 143.112609863 0.089426711 0.995985806 0.003884304 -1.150645733 -0.962636054 0.087431863 -0.256296039 3.342361450
-0.260241151 0.019718822 0.965342462 145.206710815 0.088367686 0.996081889 0.003475793 -1.160353661 -0.961491525 0.086209618 -0.260964036 2.799209595
-0.264525890 0.019465610 0.964182198 147.316223145 0.087470844 0.996159494 0.003886655 -1.163908958 -0.960403621 0.085365951 -0.265212655 2.232772827
-0.269264460 0.019726343 0.962864280 149.351928711 0.087419592 0.996163368 0.004038289 -1.178206921 -0.959090471 0.085260563 -0.269955873 1.665786743
-0.274222612 0.019994292 0.961458445 151.463348389 0.086989552 0.996200800 0.004093945 -1.191632748 -0.957723856 0.084759496 -0.274919987 1.085861206
-0.278747916 0.020264708 0.960150480 153.586196899 0.086481281 0.996245146 0.004080456 -1.197598457 -0.956462502 0.084172457 -0.279453754 0.485565186
-0.282628059 0.019685514 0.959027648 155.695251465 0.086523622 0.996236980 0.005049452 -1.202553749 -0.955319405 0.084405653 -0.283267736 -0.124313354
-0.286764503 0.019841354 0.957795680 157.820617676 0.087329164 0.996164262 0.005510211 -1.213114738 -0.954012454 0.085223623 -0.287397265 -0.750793457
-0.290418506 0.020914778 0.956671178 159.936355591 0.088706426 0.996044457 0.005153220 -1.214385033 -0.952779233 0.086359471 -0.291125059 -1.390029907
-0.294024825 0.021923285 0.955546319 162.060913086 0.088748261 0.996044099 0.004455704 -1.220769882 -0.951668561 0.086113170 -0.294807315 -2.033111572
-0.297315478 0.023618743 0.954487145 164.183776855 0.088745646 0.996049821 0.002996374 -1.231366158 -0.950645983 0.085597441 -0.298237085 -2.694549561
-0.300528884 0.024447463 0.953459561 166.308837891 0.089321390 0.995999396 0.002615716 -1.239244461 -0.949581206 0.085950419 -0.301510334 -3.358978271
-0.303434730 0.025248148 0.952517867 168.436630249 0.089051738 0.996025085 0.001966979 -1.248947144 -0.948681951 0.085420206 -0.304476976 -4.035217285
-0.307021260 0.025151335 0.951370299 170.575469971 0.089098260 0.996019900 0.002421584 -1.266519070 -0.947522819 0.085508913 -0.308040261 -4.712478638
-0.310992002 0.025411431 0.950072944 172.724060059 0.088993967 0.996029079 0.002490196 -1.274763584 -0.946237028 0.085325181 -0.312018514 -5.411972046
-0.313979983 0.026034657 0.949072659 174.852844238 0.091219485 0.995826721 0.002860766 -1.287190437 -0.945037425 0.087472126 -0.315044522 -6.122039795
-0.317035198 0.026288666 0.948049545 176.996643066 0.093258485 0.995635509 0.003578164 -1.296126366 -0.943817735 0.089548059 -0.318103075 -6.838607788
-0.319459677 0.025961876 0.947244167 179.138061523 0.094138041 0.995549142 0.004462399 -1.302078724 -0.942912221 0.090597272 -0.320481777 -7.558441162
-0.322715878 0.025513764 0.946151972 181.329742432 0.093585253 0.995598316 0.005073167 -1.303948879 -0.941857934 0.090183057 -0.323683143 -8.296951294
-0.325588584 0.025936164 0.945155799 183.488418579 0.092756033 0.995678127 0.004630167 -1.315959930 -0.940950811 0.089176431 -0.326587200 -9.030349731
-0.328899384 0.027983915 0.943950415 185.697982788 0.091748998 0.995779157 0.002447560 -1.315309525 -0.939897656 0.087411493 -0.330078721 -9.791015625
-0.331785798 0.029847967 0.942882419 187.871994019 0.091349855 0.995818675 0.000620894 -1.325429916 -0.938921332 0.086338170 -0.333125114 -10.547515869
-0.335161209 0.030216802 0.941676319 190.091537476 0.090062574 0.995936096 0.000097115 -1.352506161 -0.937846482 0.084842324 -0.336520553 -11.327606201
-0.338718772 0.031102452 0.940373421 192.303634644 0.088330179 0.996090591 -0.001129091 -1.367340088 -0.936732292 0.082680918 -0.340141892 -12.107009888
-0.342603207 0.031614304 0.938948274 194.543991089 0.088973336 0.996033430 -0.001071800 -1.376426697 -0.935257792 0.083174154 -0.344057083 -12.919723511
-0.346569300 0.030753998 0.937520027 196.794845581 0.088704906 0.996057928 0.000116944 -1.400326252 -0.933820724 0.083203159 -0.347931147 -13.739395142
-0.350168467 0.030170541 0.936200738 199.009994507 0.088604927 0.996066332 0.001041219 -1.419664860 -0.932486653 0.083316602 -0.351464272 -14.562561035
-0.354183912 0.029631203 0.934706390 201.232055664 0.088058732 0.996113658 0.001789793 -1.435094357 -0.931020796 0.082942970 -0.355416656 -15.392227173
-0.357694983 0.029501637 0.933372378 203.432434082 0.087131567 0.996195018 0.001904003 -1.460716724 -0.929764748 0.082007252 -0.358904481 -16.228713989
-0.361251593 0.030437376 0.931971669 205.652786255 0.086411595 0.996259034 0.000957970 -1.467923641 -0.928456068 0.080879211 -0.362530351 -17.091201782
-0.364690542 0.030779837 0.930619955 207.897155762 0.086227670 0.996275127 0.000839472 -1.488798141 -0.927127600 0.080551341 -0.365986228 -17.962036133
-0.367515922 0.031604312 0.929480195 210.085632324 0.087202974 0.996190369 0.000607390 -1.514749050 -0.925920010 0.081276655 -0.368871808 -18.825012207
-0.370333910 0.031277038 0.928372085 212.309997559 0.088020355 0.996117473 0.001552515 -1.533116817 -0.924719036 0.082290582 -0.371649146 -19.713714600
-0.372887850 0.030702492 0.927368343 214.524780273 0.089474402 0.995984614 0.003002807 -1.551156044 -0.923552334 0.084095441 -0.374137640 -20.606689453
-0.375437379 0.031393185 0.926316023 216.759582520 0.090667099 0.995876729 0.002996892 -1.567447662 -0.922402501 0.085111529 -0.376735687 -21.506958008
-0.378135204 0.032470644 0.925180733 218.977951050 0.090631686 0.995882273 0.002090510 -1.577627659 -0.921303213 0.084641188 -0.379521012 -22.418182373
-0.380511165 0.032571353 0.924202502 221.181549072 0.090022996 0.995937765 0.001964625 -1.593999863 -0.920384228 0.083947048 -0.381897569 -23.320220947
-0.383091331 0.033848166 0.923090041 223.394561768 0.090010568 0.995940447 0.000835788 -1.614324570 -0.919314444 0.083408043 -0.384582877 -24.238433838
-0.386022329 0.034902509 0.921828926 225.613204956 0.089495778 0.995987177 -0.000233322 -1.633225918 -0.918137968 0.082409732 -0.387596846 -25.165466309
-0.388294816 0.034933880 0.920872808 227.834793091 0.087427914 0.996170402 -0.000925522 -1.657053471 -0.917378545 0.080150619 -0.389862061 -26.096984863
-0.391429663 0.035810344 0.919511020 230.062957764 0.088286482 0.996094406 -0.001209922 -1.688310146 -0.915963113 0.080706798 -0.393062472 -27.029510498
-0.393967748 0.035409454 0.918442190 232.276489258 0.090057418 0.995936573 0.000233140 -1.714802265 -0.914701879 0.082804367 -0.395555735 -27.974578857
-0.396758080 0.034235269 0.917284667 234.478851318 0.090060323 0.995934725 0.001783598 -1.742944717 -0.913494527 0.083318606 -0.398228407 -28.912048340
-0.399418354 0.033759862 0.916147172 236.665054321 0.089316003 0.996000826 0.002237175 -1.764528275 -0.912407815 0.082720160 -0.400836349 -29.868225098
-0.402569413 0.033867419 0.914762914 238.891082764 0.087616436 0.996152878 0.001677550 -1.790049553 -0.911186874 0.080823585 -0.403988004 -30.834472656
-0.405830145 0.033260219 0.913343132 241.100402832 0.086262614 0.996270299 0.002049390 -1.812837124 -0.909868538 0.079619065 -0.407185674 -31.813262939
-0.409143567 0.032968532 0.911874235 243.336975098 0.085761070 0.996312678 0.002458263 -1.826066494 -0.908430874 0.079209089 -0.410462379 -32.808197021
-0.412571788 0.033066321 0.910324812 245.543838501 0.085113019 0.996368468 0.002382651 -1.843195438 -0.906940103 0.078463510 -0.413887858 -33.794708252
-0.416351080 0.032733567 0.908614695 247.735778809 0.084654644 0.996406138 0.002894636 -1.865262032 -0.905254543 0.078123629 -0.417625785 -34.782196045
-0.420435548 0.032225907 0.906749964 249.928588867 0.083892554 0.996468723 0.003484204 -1.887256622 -0.903435707 0.077534445 -0.421654344 -35.779083252
-0.423931599 0.032116465 0.905124784 252.106170654 0.083096571 0.996535122 0.003559798 -1.909415722 -0.901874304 0.076721869 -0.425131440 -36.791992188
-0.427419305 0.032968417 0.903452337 254.282989502 0.083456650 0.996506512 0.003118854 -1.927226543 -0.900193274 0.076732159 -0.428677559 -37.822906494
-0.430683851 0.033270486 0.901889682 256.465454102 0.083700448 0.996485770 0.003209755 -1.949028969 -0.898613453 0.076870948 -0.431955099 -38.855285645
-0.434456229 0.033144828 0.900083065 258.665710449 0.083481655 0.996502817 0.003599893 -1.965617657 -0.896816015 0.076704413 -0.435703874 -39.894531250
-0.437980652 0.033738587 0.898351073 260.845062256 0.082527772 0.996584833 0.002807595 -1.982623100 -0.895188332 0.075368591 -0.439269185 -40.941497803
-0.441498280 0.034062818 0.896615326 263.010620117 0.083297923 0.996519685 0.003158122 -1.997819424 -0.893387258 0.076080501 -0.442798972 -42.001983643
-0.444886208 0.034675848 0.894915640 265.211914062 0.083633199 0.996492207 0.002964571 -2.009824276 -0.891673625 0.076163545 -0.446225643 -43.095062256
-0.448181510 0.035958335 0.893219113 267.400634766 0.085196167 0.996360719 0.002637506 -2.024832726 -0.889873624 0.077280924 -0.449613929 -44.195007324
-0.451273084 0.038013227 0.891575933 269.569213867 0.087474741 0.996165097 0.001803037 -2.039074421 -0.888088346 0.078804031 -0.452867746 -45.293060303
-0.453752398 0.038965940 0.890275478 271.745056152 0.089289427 0.996003866 0.001915205 -2.057872772 -0.886643171 0.080361217 -0.455418468 -46.404876709
-0.455982566 0.041056577 0.889041364 273.927215576 0.091124773 0.995839179 0.000748608 -2.071771622 -0.885311544 0.081355035 -0.457826614 -47.524353027
-0.458884597 0.043376207 0.887436688 276.110168457 0.092643514 0.995699048 -0.000762861 -2.092684746 -0.883652985 0.081865177 -0.460929394 -48.633544922
-0.461869359 0.044055916 0.885853112 278.292602539 0.093832858 0.995587766 -0.000590395 -2.109956741 -0.881970584 0.082849443 -0.463965416 -49.761016846
-0.464784741 0.044995010 0.884279728 280.469970703 0.094424218 0.995531499 -0.001025707 -2.128498077 -0.880374551 0.083020687 -0.466956496 -50.903350830
-0.468240976 0.045240302 0.882441998 282.678924561 0.093592793 0.995609581 -0.001379929 -2.140667915 -0.878630161 0.081944063 -0.470419407 -52.060180664
-0.471564412 0.046320118 0.880614221 284.877136230 0.094034605 0.995566905 -0.002011549 -2.152385712 -0.876803577 0.081859633 -0.473829627 -53.218017578
-0.474361420 0.046475440 0.879102647 287.081481934 0.093319684 0.995633602 -0.002281036 -2.173926353 -0.875370085 0.080955535 -0.476627231 -54.401763916
-0.477143288 0.046772279 0.877580047 289.297973633 0.092230909 0.995733380 -0.002923220 -2.194922447 -0.873972416 0.079545207 -0.479421258 -55.595977783
-0.479708791 0.047374249 0.876148105 291.530731201 0.093600407 0.995606482 -0.002585396 -2.205179691 -0.872421265 0.080767572 -0.482035398 -56.828979492
-0.481695652 0.047345683 0.875058889 293.754669189 0.095321074 0.995445609 -0.001387712 -2.231503963 -0.871139288 0.082743093 -0.484014869 -58.042694092
-0.483810067 0.047699958 0.873872161 295.985168457 0.096715793 0.995311737 -0.000783015 -2.253270149 -0.869812608 0.084138408 -0.486155152 -59.256652832
-0.485941410 0.047308594 0.872710288 298.213073730 0.096226782 0.995359361 -0.000376411 -2.262769222 -0.868678153 0.083795175 -0.488238692 -60.495574951
-0.488250017 0.046586446 0.871459424 300.453186035 0.095937170 0.995387256 0.000539057 -2.285633087 -0.867414534 0.083868548 -0.490467191 -61.729492188
-0.490545750 0.046844512 0.870155513 302.702697754 0.097421780 0.995242298 0.001342509 -2.296893120 -0.865952671 0.085430652 -0.492775559 -62.990051270
-0.492890477 0.046473198 0.868849337 304.940795898 0.097438343 0.995239496 0.002042323 -2.308727264 -0.864618242 0.085665882 -0.495072246 -64.238037109
-0.494829774 0.047187969 0.867707849 307.176574707 0.097117081 0.995272160 0.001257960 -2.325235844 -0.863546133 0.084891722 -0.497073054 -65.500854492
-0.497739911 0.049521327 0.865911543 309.418640137 0.096547753 0.995327353 -0.001425400 -2.337313175 -0.861936033 0.082892329 -0.500195265 -66.758270264
-0.501460433 0.048355177 0.863828361 311.702758789 0.094611868 0.995513916 -0.000803575 -2.362271309 -0.859991968 0.081325449 -0.503785729 -68.055755615
-0.505905986 0.046724658 0.861322343 313.992736816 0.093047068 0.995661497 0.000639848 -2.384119511 -0.857555568 0.080467217 -0.508058667 -69.380035400
-0.511155844 0.044367492 0.858342111 316.258544922 0.090700075 0.995875001 0.002536740 -2.390902519 -0.854688942 0.079148367 -0.513071418 -70.695861816
-0.515782833 0.042704973 0.855654359 318.527008057 0.089047343 0.996019483 0.003966670 -2.396123886 -0.852079034 0.078239679 -0.517532468 -72.038513184
-0.520383358 0.042954061 0.852851808 320.846252441 0.089514703 0.995975554 0.004456531 -2.400969505 -0.849228084 0.078661874 -0.522134066 -73.431182861
-0.524625659 0.044703633 0.850158691 323.150878906 0.092169315 0.995733082 0.004518554 -2.400715351 -0.846329093 0.080729082 -0.526507378 -74.835083008
-0.528810620 0.045247510 0.847532868 325.467773438 0.092488170 0.995703399 0.004549235 -2.399546623 -0.843685508 0.080792442 -0.530723333 -76.241455078
-0.532844186 0.045257486 0.845002234 327.765197754 0.093292601 0.995623529 0.005504131 -2.404498100 -0.841054976 0.081765302 -0.534734368 -77.663818359
-0.536659122 0.044101268 0.842645884 330.062408447 0.093496144 0.995591819 0.007439300 -2.405044556 -0.838603258 0.082776509 -0.538416743 -79.103210449
-0.540426135 0.042289056 0.840327978 332.358093262 0.091798343 0.995737612 0.008926775 -2.406487465 -0.836368680 0.081964985 -0.542004704 -80.559082031
-0.544410110 0.041889891 0.837772608 334.645690918 0.090837047 0.995822966 0.009236023 -2.409482956 -0.833886266 0.081128970 -0.545941234 -82.018493652
-0.548709631 0.041569963 0.834978998 336.932373047 0.090720206 0.995825827 0.010039285 -2.409898758 -0.831076324 0.081258118 -0.550190449 -83.485107422
-0.552766085 0.041881345 0.832283497 339.210510254 0.091968663 0.995701373 0.010976832 -2.405198574 -0.828246117 0.082611620 -0.554241776 -84.980804443
-0.556812525 0.041358501 0.829607964 341.473999023 0.092203930 0.995664835 0.012248073 -2.394119740 -0.825504899 0.083312988 -0.558212042 -86.481323242
-0.560811520 0.040253509 0.826964438 343.742004395 0.090549186 0.995808005 0.012934357 -2.387379646 -0.822977126 0.082134686 -0.562105536 -87.984252930
-0.563861847 0.039386883 0.824929476 346.010009766 0.090590969 0.995784402 0.014376909 -2.377517700 -0.820885658 0.082837746 -0.565052867 -89.521697998
-0.566708922 0.038988024 0.822995305 348.281433105 0.091122434 0.995717883 0.015575808 -2.361525536 -0.818863869 0.083820269 -0.567834854 -91.067718506
-0.569154978 0.038342215 0.821335793 350.557922363 0.088904940 0.995925426 0.015115254 -2.345934868 -0.817409635 0.081623733 -0.570244789 -92.643951416
-0.572152853 0.037478309 0.819290519 352.818603516 0.085552856 0.996232808 0.014173448 -2.333747864 -0.815672874 0.078202009 -0.573203802 -94.190277100
-0.575455785 0.036556721 0.817015707 355.083984375 0.081699625 0.996572793 0.012953324 -2.316817760 -0.813742101 0.074203931 -0.576470256 -95.760894775
-0.577995658 0.034055889 0.815328956 357.348937988 0.079445794 0.996730983 0.014687028 -2.303453445 -0.812163472 0.073263496 -0.578811765 -97.353210449
-0.581252098 0.033453763 0.813035786 359.604187012 0.080337897 0.996632338 0.016426649 -2.287969589 -0.809748232 0.074865595 -0.581982136 -98.941253662
-0.584833384 0.033484660 0.810462236 361.830383301 0.079441965 0.996708751 0.016146159 -2.270468712 -0.807254076 0.073827513 -0.585568547 -100.511505127
-0.587845325 0.032286085 0.808328986 364.034362793 0.077390030 0.996864915 0.016464200 -2.255781174 -0.805263281 0.072235003 -0.588501096 -102.088897705
-0.591050148 0.028008563 0.806148350 366.248352051 0.074443437 0.997025847 0.019939935 -2.242600441 -0.803192317 0.071797960 -0.591377378 -103.687622070
-0.594262600 0.025742790 0.803859055 368.449096680 0.072322354 0.997148871 0.021532472 -2.215991974 -0.801012814 0.070932925 -0.594430089 -105.292999268
-0.597275138 0.025376918 0.801634848 370.645019531 0.071164235 0.997233868 0.021453539 -2.183335304 -0.798873007 0.069861397 -0.597428918 -106.914154053
-0.599948645 0.024897423 0.799651027 372.842041016 0.070339620 0.997286558 0.021722337 -2.159264565 -0.796940446 0.069279432 -0.600071907 -108.532958984
-0.602215290 0.024553906 0.797956228 375.032958984 0.070273429 0.997277379 0.022347927 -2.127657890 -0.795235038 0.069533370 -0.602301240 -110.171966553
-0.605193973 0.023622267 0.795727551 377.193756104 0.069669649 0.997296095 0.023381436 -2.101536751 -0.793023646 0.069588363 -0.605203271 -111.807556152
-0.607974529 0.021843936 0.793655932 379.361938477 0.066113845 0.997542560 0.023190504 -2.072972298 -0.791199028 0.066570878 -0.607924700 -113.443389893
-0.610903740 0.018458225 0.791489661 381.527252197 0.056304306 0.998209715 0.020178827 -2.047894478 -0.789700210 0.056891598 -0.610849380 -115.086761475
-0.614269972 0.021344654 0.788807333 383.707275391 0.048809104 0.998747706 0.010983719 -2.032509327 -0.787585080 0.045247942 -0.614542603 -116.743408203
-0.616512299 0.031386144 0.786719501 385.862854004 0.059027582 0.998235643 0.006432360 -2.037253380 -0.785129607 0.050403781 -0.617277145 -118.426696777
-0.617448092 0.032980151 0.785919964 388.019409180 0.067180544 0.997681141 0.010913104 -2.035712719 -0.783737600 0.059536807 -0.618232012 -120.120025635
-0.619461060 0.023449395 0.784677148 390.169616699 0.066064686 0.997565150 0.022343190 -2.017405510 -0.782242656 0.065680183 -0.619501948 -121.815032959
-0.622517705 0.013064118 0.782496631 392.323577881 0.059929840 0.997720480 0.031019999 -1.969843864 -0.780307710 0.066205397 -0.621881604 -123.484619141
-0.625866771 0.006684419 0.779901564 394.480468750 0.053555164 0.997971356 0.034424257 -1.908992767 -0.778089345 0.063312747 -0.624955058 -125.166748047
-0.628856421 0.006404713 0.777495325 396.620086670 0.052717187 0.998016179 0.034417607 -1.853839874 -0.775732458 0.062631086 -0.627946496 -126.859985352
-0.631401420 0.011594571 0.775369465 398.745849609 0.058138624 0.997781873 0.032423198 -1.802742958 -0.773273647 0.065550968 -0.630675077 -128.570892334
-0.633104324 0.018469458 0.773846447 400.841918945 0.063263632 0.997605443 0.027947707 -1.755141258 -0.771477282 0.066650137 -0.632756829 -130.293640137
-0.635733604 0.020832418 0.771627426 402.964935303 0.063638717 0.997647226 0.025496585 -1.717556000 -0.769280791 0.065314412 -0.635563612 -132.015808105
-0.638343453 0.020890987 0.769468248 405.077392578 0.063426331 0.997659862 0.025531499 -1.672797203 -0.767134249 0.065102406 -0.638174653 -133.752502441
-0.641319156 0.020302063 0.767005861 407.145538330 0.064469293 0.997540712 0.027500762 -1.638326645 -0.764561236 0.067085080 -0.641050816 -135.458862305
-0.644171119 0.020068057 0.764618099 409.221191406 0.065401226 0.997439861 0.028920190 -1.589067459 -0.762080252 0.068636514 -0.643834472 -137.195007324
-0.645993590 0.019718545 0.763088167 411.305541992 0.065223463 0.997436285 0.029440826 -1.545727730 -0.760551274 0.068789832 -0.645623565 -138.925292969
-0.647010684 0.020438675 0.762207270 413.366455078 0.066176072 0.997373879 0.029429806 -1.493203163 -0.759604096 0.069481269 -0.646664023 -140.689270020
-0.648342609 0.020943681 0.761060715 415.482666016 0.066942714 0.997318149 0.029582784 -1.445270538 -0.758400083 0.070127241 -0.648005843 -142.467285156
-0.649258733 0.020625973 0.760287881 417.550445557 0.068478540 0.997157514 0.031426176 -1.388534546 -0.757478595 0.072467126 -0.648825645 -144.252380371
-0.650441170 0.019926408 0.759295225 419.597808838 0.070415668 0.996932745 0.034157936 -1.341636658 -0.756285667 0.075684011 -0.649849176 -145.986877441
-0.651585937 0.019627823 0.758321047 421.654510498 0.072439581 0.996706665 0.036445543 -1.280467987 -0.755108356 0.078679852 -0.650861859 -147.758544922
-0.652881145 0.019706212 0.757203937 423.713623047 0.070566177 0.996896386 0.034899808 -1.216447830 -0.754166126 0.076218419 -0.652245402 -149.487487793
-0.654536963 0.019824820 0.755770028 425.780548096 0.066553399 0.997286201 0.031478673 -1.152609825 -0.753094971 0.070903018 -0.654080033 -151.250244141
-0.655983806 0.019337734 0.754527152 427.838378906 0.063988671 0.997497618 0.030066766 -1.097537994 -0.752057612 0.068004504 -0.655579686 -153.034179688
-0.657504439 0.018705713 0.753218412 429.869567871 0.063564584 0.997504950 0.030714797 -1.051654816 -0.750764608 0.068073131 -0.657052875 -154.776123047
-0.658807516 0.017655157 0.752104402 431.901123047 0.061396755 0.997651577 0.030361401 -0.996965408 -0.749802113 0.066179089 -0.658344269 -156.542846680
-0.659828901 0.016398771 0.751236856 433.901855469 0.058353372 0.997860909 0.029470805 -0.946849823 -0.749146640 0.063282892 -0.659374475 -158.279296875
-0.660226226 0.016344089 0.750889182 435.925109863 0.058483075 0.997846425 0.029702330 -0.896759033 -0.748786688 0.063524559 -0.659760237 -160.071655273
-0.660904646 0.014785223 0.750324249 437.952331543 0.058500595 0.997778594 0.031867471 -0.848756790 -0.748186350 0.064955771 -0.660301447 -161.830017090
-0.660566330 0.013245754 0.750650942 439.958404541 0.060536981 0.997528434 0.035669938 -0.790519714 -0.748323143 0.069004498 -0.659735560 -163.611328125
-0.659512997 0.011839874 0.751599908 441.993530273 0.064762838 0.997053027 0.041121542 -0.719013214 -0.748898149 0.075795934 -0.658336282 -165.410156250
-0.658336282 0.011199167 0.752640784 444.045654297 0.068564586 0.996624768 0.045143954 -0.638965607 -0.749594867 0.081324406 -0.656882167 -167.201904297
-0.657175899 0.009044131 0.753682971 446.073120117 0.062993124 0.997088850 0.042962052 -0.550029755 -0.751100302 0.075710475 -0.655832529 -168.943481445
-0.656485677 0.008463761 0.754291296 448.108154297 0.055825762 0.997740149 0.037391622 -0.466817856 -0.752270222 0.066655934 -0.655474663 -170.695861816
-0.655014634 0.006074842 0.755591929 450.155395508 0.050920758 0.998049378 0.036118496 -0.397703171 -0.753898680 0.062133450 -0.654046297 -172.449279785
-0.652506828 0.005631551 0.757762074 452.208374023 0.048674684 0.998218834 0.034495044 -0.333467484 -0.756218076 0.059392076 -0.651618719 -174.220153809
-0.650109768 0.007159393 0.759806454 454.275329590 0.052171402 0.998016357 0.035235226 -0.271507263 -0.758047044 0.062546939 -0.649193764 -175.968872070
-0.647073984 0.007035250 0.762394786 456.325134277 0.052151300 0.998023808 0.035053231 -0.200134277 -0.760641575 0.062441915 -0.646162152 -177.740722656
-0.644961834 0.007712742 0.764175892 458.370697021 0.049816370 0.998246610 0.031969648 -0.133480072 -0.762589455 0.058687668 -0.644215226 -179.458007812
-0.644066334 0.002425658 0.764965713 460.442565918 0.042651929 0.998553276 0.032744639 -0.084331512 -0.763779581 0.053716987 -0.643238068 -181.176879883
-0.643370986 -0.002991231 0.765548766 462.503448486 0.034783557 0.998845398 0.033135068 -0.021261215 -0.764764011 0.047946651 -0.642524123 -182.906738281
-0.642900109 -0.007453838 0.765913844 464.589721680 0.026238432 0.999151468 0.031747960 0.029930115 -0.765500546 0.040507138 -0.642158985 -184.622558594
-0.642292261 -0.007680271 0.766421556 466.662475586 0.024480429 0.999234080 0.030528860 0.086160660 -0.766068935 0.038370773 -0.641612291 -186.341857910
-0.641085386 -0.007769217 0.767430484 468.784179688 0.027427964 0.999078035 0.033026733 0.162223816 -0.766979516 0.042222001 -0.640281200 -188.143920898
-0.639331579 -0.007352213 0.768896103 470.846679688 0.030692182 0.998913407 0.035071973 0.231468201 -0.768318415 0.046021719 -0.638411164 -189.895812988
-0.638041377 -0.010117903 0.769935548 472.926788330 0.028087467 0.998942375 0.036403269 0.280111313 -0.769489586 0.044852331 -0.637082458 -191.624023438
-0.636868834 -0.009828440 0.770909429 475.003173828 0.026858825 0.999028921 0.034925561 0.357395172 -0.770504117 0.042948727 -0.635986447 -193.346435547
-0.636213660 -0.009112043 0.771459222 477.132293701 0.025853874 0.999116838 0.033122402 0.424436569 -0.771079779 0.041018132 -0.635416150 -195.054992676
-0.634968519 -0.007960748 0.772497296 479.220306396 0.025752734 0.999173045 0.031464625 0.473965645 -0.772108912 0.039872956 -0.634238362 -196.782043457
-0.633564949 -0.007000138 0.773657918 481.279724121 0.028812073 0.999051988 0.032634348 0.534940720 -0.773152947 0.042966664 -0.632762671 -198.487121582
