1.000000000 0.000000000 0.000000000 0.000000000 0.000000000 1.000000000 0.000000000 0.000000000 0.000000000 0.000000000 1.000000000 0.000000000
0.994764507 -0.006570488 -0.101982206 -0.133208543 0.005655576 0.999941170 -0.009257841 0.003750814 0.102037027 0.008632603 0.994743168 0.070221081
0.994652092 -0.005638403 -0.103128344 -0.138959497 0.004733383 0.999948144 -0.009018289 0.001160422 0.103173837 0.008481914 0.994627178 0.079393290
0.994251370 -0.004262157 -0.106986389 -0.139551342 0.003402848 0.999960482 -0.008213221 0.003111682 0.107017159 0.007801948 0.994226575 0.083825313
0.993717074 -0.005222129 -0.111799568 -0.142832190 0.004242740 0.999950528 -0.008996344 0.000920021 0.111841023 0.008465485 0.993690073 0.100359000
0.993865490 -0.005299027 -0.110468768 -0.133670136 0.004711706 0.999973357 -0.005576994 -0.005658984 0.110495381 0.005022285 0.993863940 0.109918103
0.993846297 -0.007723919 -0.110498182 -0.145622805 0.006797302 0.999938548 -0.008760055 0.007165561 0.110559054 0.007955058 0.993837714 0.115771599
0.993426502 -0.005815877 -0.114324123 -0.136617854 0.005151576 0.999968112 -0.006105264 0.003150806 0.114355981 0.005476181 0.993424714 0.125565082
0.993930876 -0.005938352 -0.109845869 -0.138730437 0.005288844 0.999966800 -0.006203321 0.010037927 0.109879054 0.005584715 0.993929267 0.133582115
0.993786454 -0.004344459 -0.111218572 -0.143995270 0.004028067 0.999987185 -0.003069320 0.003506134 0.111230478 0.002602253 0.993791223 0.146026626
0.993734002 -0.003721526 -0.111709081 -0.138690323 0.003451448 0.999990642 -0.002610973 0.007987288 0.111717753 0.002209055 0.993737519 0.152606294
0.994137108 -0.004262224 -0.108042777 -0.142500550 0.004070301 0.999989748 -0.001996833 0.008984362 0.108050182 0.001545359 0.994144261 0.163696840
0.994060934 -0.004383133 -0.108736388 -0.145291641 0.004227502 0.999989688 -0.001661747 0.009840598 0.108742557 0.001192194 0.994069219 0.174110025
0.994163275 -0.003590348 -0.107826352 -0.144743443 0.003672204 0.999993086 0.000560595 0.009730521 0.107823595 -0.000953283 0.994169593 0.184641570
0.994286060 -0.002532161 -0.106718384 -0.149653092 0.002476813 0.999996722 -0.000651167 0.012341283 0.106719680 0.000383125 0.994289100 0.192368791
0.994171381 -0.001783299 -0.107796654 -0.148138463 0.002007553 0.999996066 0.001971864 0.005097112 0.107792705 -0.002176778 0.994171023 0.206681281
0.994524896 -0.000650120 -0.104497835 -0.145535946 0.000415926 0.999997377 -0.002262922 0.026389781 0.104499027 0.002207069 0.994522512 0.209288493
0.994814217 -0.001835068 -0.101692408 -0.154045895 0.001851887 0.999998271 0.000070988 0.014998587 0.101692110 -0.000258942 0.994815886 0.226248100
0.994425595 0.000253787 -0.105440274 -0.154460400 0.000007004 0.999996960 0.002472981 0.016067371 0.105440572 -0.002459934 0.994422555 0.238287732
0.994506538 0.000168278 -0.104674362 -0.149742469 0.000333153 0.999988556 0.004772894 0.014091299 0.104673959 -0.004781547 0.994495094 0.251331538
0.994653583 0.001648532 -0.103254437 -0.151607737 -0.001032281 0.999981344 0.006021424 0.011522127 0.103262439 -0.005882644 0.994636774 0.274112523
0.994892955 -0.000277737 -0.100935057 -0.155681148 0.000643874 0.999993324 0.003594886 0.021402318 0.100933388 -0.003641516 0.994886518 0.281964868
0.994923294 0.000771682 -0.100633323 -0.156567067 -0.000476519 0.999995530 0.002957061 0.012447233 0.100635156 -0.002894095 0.994919181 0.299918175
0.995183170 0.000234901 -0.098032750 -0.150854081 0.000296267 0.999985337 0.005403676 0.011810691 0.098032586 -0.005406691 0.995168507 0.310341835
0.995682418 0.001019265 -0.092819698 -0.161429107 -0.000740744 0.999995112 0.003035075 0.024054641 0.092822336 -0.002953215 0.995678306 0.318361074
0.995443165 0.002042764 -0.095334798 -0.172500253 -0.001692472 0.999991536 0.003755040 0.022651780 0.095341668 -0.003576578 0.995438159 0.331550807
0.995264828 0.000822846 -0.097197168 -0.156137213 -0.000039904 0.999967515 0.008056868 0.020289375 0.097200640 -0.008014839 0.995232522 0.347040683
0.995377958 -0.001619969 -0.096021570 -0.157125309 0.002158682 0.999982536 0.005506714 0.023581697 0.096010976 -0.005688542 0.995364010 0.358336419
0.995567977 -0.001563236 -0.094031580 -0.163444012 0.002356227 0.999962568 0.008322810 0.016995385 0.094015054 -0.008507484 0.995534420 0.374560267
0.995510757 -0.002481722 -0.094615743 -0.159458280 0.003016202 0.999980271 0.005506359 0.024982184 0.094600216 -0.005767019 0.995498657 0.382862598
0.995550096 -0.000660390 -0.094231755 -0.166618526 0.001162527 0.999985397 0.005273949 0.014343300 0.094226897 -0.005360028 0.995536327 0.399228543
0.995471299 -0.001072414 -0.095056236 -0.159940928 0.001346224 0.999995112 0.002816422 0.023331383 0.095052749 -0.002931634 0.995467901 0.405868620
0.995678723 -0.000670490 -0.092862345 -0.171398908 0.000934201 0.999995649 0.002796357 0.006683756 0.092860065 -0.002871025 0.995675027 0.420991570
0.995370567 -0.001800339 -0.096094429 -0.158790126 0.001522426 0.999994457 -0.002965326 0.026157517 0.096099228 0.002805301 0.995367825 0.425908089
0.995538950 -0.002168603 -0.094326727 -0.176842019 0.001653512 0.999983311 -0.005538538 0.023290234 0.094337158 0.005357859 0.995525897 0.450863481
0.995206773 -0.003303071 -0.097737290 -0.161323339 0.002966583 0.999989152 -0.003587902 0.014399008 0.097748078 0.003280758 0.995205760 0.468605250
0.995547712 -0.002962653 -0.094212711 -0.172992095 0.002401526 0.999978721 -0.006068778 0.017875900 0.094228685 0.005815504 0.995533586 0.478083670
0.995248377 -0.004986198 -0.097240858 -0.161715806 0.004135862 0.999951422 -0.008944247 0.015277547 0.097280733 0.008499572 0.995220661 0.493207067
0.995732903 -0.006107084 -0.092079751 -0.168446526 0.005394881 0.999953568 -0.007981569 0.016166732 0.092124216 0.007450751 0.995719671 0.503980279
0.995502174 -0.006541779 -0.094512440 -0.170962900 0.004889646 0.999831378 -0.017701609 0.026099013 0.094612308 0.017159859 0.995366275 0.512142301
0.995419860 -0.007354550 -0.095316373 -0.158725157 0.006319835 0.999917805 -0.011152923 0.003400242 0.095390566 0.010499457 0.995384574 0.535536289
0.995889187 -0.007351490 -0.090281151 -0.166834265 0.005933005 0.999854863 -0.015970185 0.018607894 0.090385459 0.015368897 0.995788276 0.542905450
0.995924890 -0.007456610 -0.089878038 -0.172144443 0.006065250 0.999857664 -0.015743738 0.026346324 0.089982644 0.015134447 0.995828331 0.555440545
0.995717227 -0.007508690 -0.092145465 -0.163268462 0.006021282 0.999847233 -0.016409360 0.028566329 0.092254601 0.015784249 0.995610356 0.571783781
0.995988309 -0.007077304 -0.089203171 -0.172173500 0.006115302 0.999920189 -0.011053086 0.010017797 0.089274280 0.010463241 0.995952129 0.592741370
0.995923400 -0.007280347 -0.089909054 -0.169986933 0.005971692 0.999872386 -0.014815763 0.026307926 0.090005450 0.014218455 0.995839775 0.597415626
0.996362925 -0.008567099 -0.084779635 -0.168155804 0.006588319 0.999699950 -0.023592588 0.048109729 0.084956318 0.022948224 0.996120393 0.603728235
0.996452987 -0.008095505 -0.083761297 -0.189311594 0.006618688 0.999817967 -0.017893948 0.024511037 0.083890907 0.017276086 0.996325195 0.629384220
0.995483756 -0.009173390 -0.094487496 -0.178706825 0.007909641 0.999874294 -0.013740621 0.021199897 0.094601668 0.012931203 0.995431244 0.647387028
0.995764375 -0.008530715 -0.091545150 -0.165108711 0.007128824 0.999852419 -0.015629752 0.025181422 0.091664970 0.014910941 0.995678246 0.661158681
0.996016622 -0.012523188 -0.088283718 -0.170430973 0.011172933 0.999813199 -0.015772134 0.017984165 0.088464737 0.014722919 0.995970488 0.678856075
0.996152639 -0.010777715 -0.086970128 -0.165500700 0.009616225 0.999859035 -0.013762975 0.027713226 0.087106206 0.012873700 0.996115863 0.691840112
0.996287644 -0.011329951 -0.085337758 -0.177373484 0.009898625 0.999803483 -0.017176989 0.033080637 0.085515603 0.016268495 0.996204019 0.704670370
0.996170640 -0.010191274 -0.086833984 -0.171073377 0.009209757 0.999889195 -0.011696526 0.024025956 0.086943567 0.010852016 0.996154130 0.724925220
0.996539712 -0.008628836 -0.082668766 -0.176140979 0.007485401 0.999872148 -0.014131493 0.034796227 0.082780138 0.013463785 0.996476889 0.735247672
0.996397495 -0.009087860 -0.084317409 -0.176109612 0.007943240 0.999871850 -0.013900694 0.021891365 0.084432922 0.013180863 0.996342003 0.757665515
0.996826768 -0.007321379 -0.079263985 -0.179898858 0.006524194 0.999925554 -0.010311640 0.028323160 0.079333574 0.009761785 0.996800303 0.770601511
0.996742725 -0.009497454 -0.080085486 -0.182254821 0.007964678 0.999779344 -0.019437015 0.035165343 0.080252424 0.018735848 0.996598482 0.780727446
0.996770740 -0.008324420 -0.079867572 -0.176500440 0.007685489 0.999935985 -0.008303959 0.027978364 0.079931587 0.007663322 0.996770918 0.801031709
0.996749282 -0.008487263 -0.080117635 -0.200058803 0.007132717 0.999827027 -0.017178046 0.060331348 0.080249570 0.016550748 0.996637404 0.809589505
0.996081591 -0.004771831 -0.088309996 -0.178010255 0.003677054 0.999914408 -0.012555506 0.043666169 0.088362344 0.012181588 0.996013880 0.828086555
0.996773064 -0.008458268 -0.079824239 -0.173764780 0.007254086 0.999855638 -0.015363363 0.042175144 0.079942659 0.014734735 0.996690571 0.848115265
0.996818483 -0.010078979 -0.079065017 -0.195890933 0.009049288 0.999869645 -0.013370864 0.026650058 0.079189472 0.012612842 0.996779799 0.869863093
0.996092141 -0.008213675 -0.087937221 -0.176658660 0.007062518 0.999885380 -0.013393803 0.038729817 0.088037148 0.012720404 0.996035993 0.879003942
0.996900320 -0.009332628 -0.078119136 -0.184870213 0.008486765 0.999901772 -0.011152863 0.023098964 0.078215547 0.010455313 0.996881664 0.901584864
0.996595144 -0.006913980 -0.082160562 -0.198919773 0.005940558 0.999909282 -0.012086358 0.044491265 0.082236677 0.011557126 0.996545792 0.914330363
0.996814251 -0.007476555 -0.079406805 -0.182046220 0.006541612 0.999906242 -0.012027709 0.050170381 0.079489283 0.011469943 0.996769726 0.929065764
0.997136652 -0.008105385 -0.075185120 -0.204969466 0.007307273 0.999914050 -0.010884319 0.050668184 0.075266883 0.010303755 0.997110188 0.949370146
0.996398568 -0.006684659 -0.084529631 -0.180069968 0.006519678 0.999976277 -0.002227650 0.036814414 0.084542520 0.001668522 0.996418476 0.971125245
0.996937573 -0.007575731 -0.077833809 -0.189477608 0.007317778 0.999966741 -0.003598840 0.041246537 0.077858485 0.003018249 0.996959865 0.990552723
0.996913493 -0.006691403 -0.078221910 -0.198043361 0.006602976 0.999977231 -0.001389043 0.038995218 0.078229420 0.000868259 0.996935010 1.009212136
0.996801317 -0.008625299 -0.079452716 -0.190187737 0.008258052 0.999953628 -0.004949632 0.042304549 0.079491727 0.004277675 0.996826351 1.023564935
0.996928275 -0.007600895 -0.077949956 -0.190035224 0.007205489 0.999959707 -0.005352569 0.042238418 0.077987507 0.004774460 0.996942878 1.039321423
0.996905208 -0.006463633 -0.078346662 -0.199141666 0.006136298 0.999971390 -0.004418060 0.033948857 0.078372978 0.003923628 0.996916413 1.060709357
0.996924579 -0.007092533 -0.078045674 -0.196083099 0.006520328 0.999949992 -0.007584073 0.064560033 0.078095563 0.007051865 0.996920943 1.065540075
0.997005880 -0.005836796 -0.077105165 -0.210175499 0.005218140 0.999952555 -0.008222573 0.047240119 0.077149495 0.007795609 0.996989071 1.093145370
0.996394873 -0.007888917 -0.084469073 -0.193951786 0.007931519 0.999968529 0.000168778 0.048872761 0.084465079 -0.000838138 0.996426105 1.114292383
0.996796072 -0.005102745 -0.079821795 -0.206111848 0.005026809 0.999986708 -0.001152242 0.052121632 0.079826608 0.000747302 0.996808469 1.131520748
0.996743619 -0.011400597 -0.079826213 -0.189539075 0.011645060 0.999928832 0.002597564 0.049853276 0.079790913 -0.003518686 0.996805429 1.153871059
0.996940672 -0.010845541 -0.077405997 -0.201565564 0.010784571 0.999941111 -0.001205648 0.053461108 0.077414520 0.000367169 0.996998906 1.168071032
0.997022748 -0.012844743 -0.076030798 -0.195935309 0.013032166 0.999913156 0.001969452 0.044629809 0.075998895 -0.002954435 0.997103512 1.191239119
0.997139871 -0.011006176 -0.074772201 -0.187080115 0.010512610 0.999920309 -0.006991308 0.072729744 0.074843191 0.006185262 0.997176111 1.199885249
0.997501910 -0.007950976 -0.070190735 -0.213206217 0.008029936 0.999967396 0.000842838 0.033336151 0.070181750 -0.001404359 0.997533262 1.229674935
0.997217476 -0.008152711 -0.074100584 -0.203148395 0.007920858 0.999962747 -0.003422233 0.063148715 0.074125722 0.002825770 0.997244895 1.235728621
0.997303486 -0.009582236 -0.072759159 -0.202107206 0.009343399 0.999949813 -0.003622232 0.043794144 0.072790213 0.002932647 0.997342944 1.261766195
0.997584939 -0.008954921 -0.068877392 -0.212383613 0.008642412 0.999950945 -0.004833823 0.051819988 0.068917297 0.004226882 0.997613430 1.271757126
0.997514486 -0.011361565 -0.069539256 -0.186240986 0.010790028 0.999904871 -0.008589043 0.061518330 0.069630228 0.007817364 0.997542262 1.292719245
0.997861922 -0.013332888 -0.063982517 -0.207181424 0.012953861 0.999896049 -0.006335136 0.051788032 0.064060330 0.005492771 0.997930884 1.313845158
0.997411430 -0.014674957 -0.070392616 -0.214324251 0.014286918 0.999879837 -0.006012847 0.081854932 0.070472397 0.004991588 0.997501254 1.320544124
0.997650504 -0.010686688 -0.067670591 -0.200604975 0.009891974 0.999878228 -0.012068090 0.072542742 0.067791320 0.011370339 0.997634709 1.342139363
0.998026788 -0.014437823 -0.061106674 -0.204087377 0.013953695 0.999867857 -0.008342018 0.035264563 0.061219037 0.007472895 0.998096406 1.368863463
0.998032570 -0.013938144 -0.061128788 -0.210548341 0.013233507 0.999841392 -0.011916860 0.053281512 0.061285190 0.011084466 0.998058736 1.375327826
0.998118281 -0.013430846 -0.059828710 -0.206904680 0.012295811 0.999738157 -0.019299330 0.052896690 0.060072247 0.018527372 0.998022079 1.391080022
0.998078227 -0.012345004 -0.060724717 -0.212141827 0.011046092 0.999703944 -0.021679562 0.055864781 0.060974371 0.020967126 0.997919083 1.406146169
0.998044074 -0.013617039 -0.061013632 -0.204343975 0.012226550 0.999658287 -0.023105485 0.046268307 0.061307408 0.022314304 0.997869492 1.427690625
0.998101115 -0.013901592 -0.060008056 -0.209153891 0.012365238 0.999588132 -0.025898349 0.052150384 0.060343370 0.025107156 0.997861862 1.441209316
0.998214483 -0.014197201 -0.058020204 -0.211466581 0.012498708 0.999485672 -0.029532921 0.058678843 0.058409646 0.028755009 0.997878492 1.458496571
0.998072386 -0.016062913 -0.059945509 -0.214492753 0.014249431 0.999431431 -0.030558037 0.052806050 0.060402274 0.029644942 0.997733831 1.476435900
0.997911274 -0.013557819 -0.063160866 -0.206369385 0.011565384 0.999427199 -0.031804901 0.053922985 0.063555896 0.031007988 0.997496426 1.496471405
0.997995973 -0.014047574 -0.061698824 -0.205603778 0.012050467 0.999395072 -0.032622330 0.049306639 0.062119767 0.031813450 0.997561574 1.518665314
0.998187721 -0.011435736 -0.059080079 -0.214583680 0.009347256 0.999325752 -0.035506193 0.042874798 0.059446283 0.034889612 0.997621596 1.536598086
0.998233318 -0.009364870 -0.058672979 -0.215070158 0.007355495 0.999382138 -0.034369893 0.045411687 0.058958597 0.033877604 0.997685432 1.551501393
0.998307526 -0.006493290 -0.057791952 -0.226337507 0.003966371 0.999035418 -0.043732189 0.065180525 0.058020171 0.043428950 0.997370362 1.563439608
0.997997999 -0.003628601 -0.063141473 -0.225985572 0.000657053 0.998893797 -0.047019016 0.060782518 0.063242234 0.046883393 0.996896386 1.599424362
0.997923315 -0.002212345 -0.064375170 -0.229828790 -0.000822958 0.998890519 -0.047085546 0.046400525 0.064407922 0.047040746 0.996814311 1.623027921
0.998452485 -0.002442395 -0.055557497 -0.226172253 -0.000142697 0.998919249 -0.046478555 0.063517749 0.055610977 0.046414554 0.997373104 1.634234667
0.998417258 -0.001244121 -0.056227092 -0.251156688 -0.001449892 0.998853624 -0.047846910 0.061106779 0.056222159 0.047852699 0.997270882 1.654373407
0.997542202 0.002791069 -0.070012949 -0.233190566 -0.005485647 0.999250293 -0.038324166 0.078249142 0.069853492 0.038614038 0.996809661 1.677271724
0.997621655 0.007536672 -0.068514161 -0.230997771 -0.010142968 0.999234915 -0.037772331 0.067040972 0.068177067 0.038377430 0.996934831 1.705951810
0.998018682 0.004595695 -0.062750630 -0.243466556 -0.006438154 0.999553144 -0.029191045 0.067989349 0.062588431 0.029537207 0.997602224 1.726725578
0.997992992 0.004604549 -0.063157201 -0.241978765 -0.006848307 0.999351323 -0.035356231 0.075120516 0.062953427 0.035717793 0.997377098 1.741713285
0.998101890 0.006117044 -0.061280012 -0.242944345 -0.007867913 0.999566495 -0.028371189 0.061015934 0.061079897 0.028799482 0.997717321 1.768494010
0.998181880 0.009274797 -0.059555490 -0.249000236 -0.011218864 0.999412298 -0.032391988 0.076563589 0.059220057 0.033001244 0.997699320 1.781873226
0.998264730 0.011991277 -0.057651486 -0.251544923 -0.013520958 0.999564826 -0.026216783 0.055639978 0.057312023 0.026950791 0.997992456 1.812238455
0.998023689 0.010129773 -0.062016599 -0.275205284 -0.011657269 0.999636292 -0.024318358 0.064528450 0.061747707 0.024993243 0.997778833 1.825437665
0.997954428 0.016148770 -0.061856247 -0.233224347 -0.018163281 0.999318182 -0.032144964 0.083544932 0.061294973 0.033202723 0.997567296 1.836805344
0.998478353 0.009751463 -0.054275673 -0.265708357 -0.011270979 0.999551058 -0.027760934 0.051685635 0.053980593 0.028330430 0.998140037 1.868597150
0.998293459 0.011197950 -0.057313032 -0.244935453 -0.013180711 0.999323487 -0.034335006 0.076120093 0.056889780 0.035031836 0.997765660 1.878553987
0.998937130 0.001639127 -0.046064459 -0.248576701 -0.002862589 0.999644518 -0.026506394 0.057222050 0.046004638 0.026610084 0.998586714 1.907320023
0.998803377 0.005478761 -0.048598479 -0.257052869 -0.007409648 0.999186516 -0.039640687 0.098106928 0.048341762 0.039953351 0.998031437 1.917341948
0.998565257 0.004453601 -0.053362947 -0.240922347 -0.005805610 0.999665380 -0.025207944 0.057993490 0.053232823 0.025481582 0.998256981 1.949718952
0.998823464 0.009013621 -0.047648542 -0.250959456 -0.010541720 0.999434948 -0.031916820 0.088642798 0.047333933 0.032381564 0.998354137 1.959434271
0.998895049 0.010005407 -0.045919534 -0.253443599 -0.011236025 0.999582469 -0.026620060 0.072234340 0.045634020 0.027106598 0.998590410 1.985193253
0.998784423 0.010719988 -0.048112467 -0.264291972 -0.011991724 0.999584198 -0.026222233 0.064495273 0.047811359 0.026767310 0.998497665 2.001112223
0.998789132 0.011147806 -0.047915991 -0.242794067 -0.012626402 0.999449909 -0.030666986 0.071850292 0.047547761 0.031234859 0.998380482 2.019582033
0.999054670 0.006430204 -0.042992588 -0.256960899 -0.007941790 0.999352932 -0.035081383 0.054849211 0.042739186 0.035389658 0.998459280 2.044474363
0.998943329 0.003940465 -0.045790169 -0.244231045 -0.005905902 0.999063313 -0.042867001 0.063852191 0.045578364 0.043092135 0.998030901 2.056278944
0.999025226 -0.000917992 -0.044134062 -0.235773161 -0.000939335 0.999115288 -0.042044587 0.050504398 0.044133615 0.042045057 0.998140514 2.075247526
0.999147296 -0.001924608 -0.041243043 -0.237048954 -0.000292529 0.998557925 -0.053684503 0.070264220 0.041286889 0.053650789 0.997705877 2.082981586
0.999126077 -0.007001610 -0.041206922 -0.215784058 0.004629129 0.998341024 -0.057391092 0.059021089 0.041540395 0.057150185 0.997501016 2.107014418
0.999408901 -0.006375879 -0.033781935 -0.232406244 0.004407241 0.998304963 -0.058032069 0.062977940 0.034094680 0.057848882 0.997743011 2.120855808
0.999509513 -0.006086932 -0.030719353 -0.238367766 0.004148897 0.998019874 -0.062762320 0.082707435 0.031040555 0.062604085 0.997555614 2.131813765
0.999508202 -0.004966034 -0.030962778 -0.230508670 0.003073536 0.998140812 -0.060872324 0.065651409 0.031207507 0.060747221 0.997665226 2.163255453
0.999685347 -0.003649712 -0.024817128 -0.232742369 0.002321242 0.998573184 -0.053349957 0.064155087 0.024976429 0.053275563 0.998267472 2.182232857
0.999662340 -0.004013722 -0.025672087 -0.231910765 0.002476342 0.998216927 -0.059639044 0.079554290 0.025865687 0.059555337 0.997889817 2.196729660
0.999813378 -0.004985832 -0.018662849 -0.224373192 0.003897988 0.998316050 -0.057878334 0.066278920 0.018919995 0.057794783 0.998149157 2.242413759
0.999933958 -0.006175978 -0.009691947 -0.218845963 0.005647495 0.998544395 -0.053638991 0.064048976 0.010009113 0.053580713 0.998513341 2.262867928
0.999928832 -0.006027183 -0.010296703 -0.234940767 0.005379261 0.998071969 -0.061833840 0.074489035 0.010649535 0.061774049 0.998033345 2.279016256
0.999919772 0.001233820 -0.012604531 -0.231226787 -0.001919982 0.998508036 -0.054571573 0.081177570 0.012518393 0.054591399 0.998430312 2.297175407
0.999960184 -0.001655103 -0.008768092 -0.257075667 0.001187107 0.998587787 -0.053113651 0.085514143 0.008843618 0.053101126 0.998549998 2.320622921
0.999592304 0.010159464 -0.026684422 -0.247068718 -0.011715985 0.998198807 -0.058837455 0.098219655 0.026038602 0.059126098 0.997910857 2.334805012
0.999864399 0.002593888 -0.016261591 -0.228257522 -0.003343748 0.998924017 -0.046256125 0.077168681 0.016124109 0.046304226 0.998797238 2.370935917
0.999882996 -0.004750155 -0.014539371 -0.268812448 0.004008196 0.998708844 -0.050641447 0.074316502 0.014761153 0.050577246 0.998611033 2.370300293
0.999256492 0.006443138 -0.038011853 -0.255236834 -0.007637469 0.999478996 -0.031358898 0.077058889 0.037789997 0.031625897 0.998785138 2.406552315
0.999283731 0.006866890 -0.037214432 -0.239969164 -0.008286898 0.999238074 -0.038138527 0.094100684 0.036924187 0.038419601 0.998579264 2.435582638
0.999307454 0.003272304 -0.037066411 -0.248795092 -0.004589946 0.999358475 -0.035519041 0.077906959 0.036926400 0.035664573 0.998681366 2.450623274
0.999174654 0.005629683 -0.040228441 -0.239138588 -0.007124502 0.999285698 -0.037112035 0.095965043 0.039990775 0.037368014 0.998501062 2.471346378
0.999360085 0.003712882 -0.035575923 -0.249892220 -0.004930155 0.999403179 -0.034189813 0.081224874 0.035427745 0.034343332 0.998781979 2.497912169
0.999039352 0.004984461 -0.043537844 -0.256105572 -0.006165513 0.999615490 -0.027035011 0.087204255 0.043386344 0.027277471 0.998685896 2.516951561
0.998945594 0.007298259 -0.045326505 -0.248949826 -0.008499722 0.999616086 -0.026370943 0.091269508 0.045116644 0.026728399 0.998624086 2.539863825
0.999016106 0.007086779 -0.043779522 -0.255400687 -0.008135360 0.999683142 -0.023819868 0.092584111 0.043596849 0.024152592 0.998757184 2.558099747
0.998796821 0.007542291 -0.048456658 -0.253339499 -0.008790276 0.999633789 -0.025593409 0.092638507 0.048245881 0.025988562 0.998497307 2.582395315
0.998790681 0.007228105 -0.048630666 -0.254229724 -0.008348965 0.999703228 -0.022884903 0.087495975 0.048450816 0.023263244 0.998554647 2.605052233
0.998766661 0.005140903 -0.049383178 -0.260641545 -0.006444558 0.999633968 -0.026275931 0.095566623 0.049230017 0.026561776 0.998434186 2.619082928
0.998652637 0.006531904 -0.051480573 -0.266597182 -0.007736174 0.999700248 -0.023228256 0.085278407 0.051313419 0.023595223 0.998403847 2.640430212
0.998567879 0.003754657 -0.053367261 -0.262552232 -0.004872203 0.999771237 -0.020826021 0.096459702 0.053276855 0.021056211 0.998357773 2.657545567
0.998260498 0.003118874 -0.058875121 -0.250192791 -0.004407452 0.999753296 -0.021769471 0.092077598 0.058792703 0.021991093 0.998027980 2.686753035
0.998198032 0.004611556 -0.059827816 -0.259233236 -0.005547136 0.999864757 -0.015481232 0.090095036 0.059748333 0.015785208 0.998088658 2.712396860
0.998209059 0.006569118 -0.059459787 -0.263767064 -0.007680060 0.999799848 -0.018474713 0.096305944 0.059326526 0.018898282 0.998059750 2.727550983
0.998062611 0.006242261 -0.061903745 -0.261470437 -0.007032243 0.999896467 -0.012551790 0.091767497 0.061818987 0.012962794 0.998003185 2.756053448
0.997989595 0.010457682 -0.062508881 -0.265970916 -0.011508564 0.999798059 -0.016475381 0.099380717 0.062323965 0.017161647 0.997908413 2.768370390
0.998010278 0.011014986 -0.062081497 -0.268320143 -0.011971137 0.999815047 -0.015050689 0.085074633 0.061904233 0.015763929 0.997957587 2.792857170
0.998179972 0.010897971 -0.059312865 -0.271802336 -0.012213099 0.999686539 -0.021855565 0.120847099 0.059056088 0.022540180 0.998000145 2.809830189
0.998339772 0.011844793 -0.056368057 -0.278968722 -0.013258196 0.999605358 -0.024766972 0.112848736 0.056052450 0.025473194 0.998102844 2.832390785
0.998249710 0.010642196 -0.058174632 -0.282473832 -0.011629133 0.999793708 -0.016652936 0.096713692 0.057985410 0.017300310 0.998167515 2.854910851
0.997955263 0.010681024 -0.063017830 -0.272467285 -0.011726459 0.999799311 -0.016243048 0.102020651 0.062831685 0.016948812 0.997880220 2.881670475
0.997860491 0.008505795 -0.064823516 -0.270504028 -0.009211693 0.999901414 -0.010598442 0.078261696 0.064726971 0.011172900 0.997840464 2.908824444
0.998224914 0.006225206 -0.059231091 -0.277274966 -0.006891338 0.999915242 -0.011048717 0.098126896 0.059157286 0.011437286 0.998183131 2.945373774
0.998060286 0.008406521 -0.061684173 -0.272294700 -0.009394056 0.999832034 -0.015737034 0.116508745 0.061541516 0.016285975 0.997971654 2.967344284
0.998135984 0.006763756 -0.060652766 -0.272168636 -0.007196326 0.999950171 -0.006916306 0.103038877 0.060602967 0.007339892 0.998134971 2.990741014
0.998027384 0.011100627 -0.061791036 -0.280356288 -0.011871006 0.999856174 -0.012114351 0.121508978 0.061647672 0.012823976 0.998015583 3.007358551
0.998050153 0.010454271 -0.061535571 -0.277673721 -0.010938305 0.999911785 -0.007534302 0.106253229 0.061451379 0.008192706 0.998076439 3.034435272
0.998331845 0.011660093 -0.056547526 -0.285170615 -0.012338296 0.999855876 -0.011659202 0.129618064 0.056403432 0.012337453 0.998331845 3.048481464
0.998277068 0.010352757 -0.057755996 -0.293033600 -0.011090735 0.999860704 -0.012471613 0.112457998 0.057618838 0.013090682 0.998252809 3.076095343
0.998050451 0.011920781 -0.061263293 -0.281096995 -0.012470408 0.999885261 -0.008597045 0.107611932 0.061153784 0.009344264 0.998084605 3.094747782
0.998145044 0.010913100 -0.059894916 -0.276276261 -0.011645073 0.999861538 -0.011885526 0.107922874 0.059756916 0.012560958 0.998133898 3.118109465
0.998174012 0.012356974 -0.059126779 -0.278872848 -0.013192646 0.999818206 -0.013764140 0.132567897 0.058945946 0.014519046 0.998155594 3.134111643
0.998296499 0.013785627 -0.056693166 -0.295887977 -0.014439974 0.999833584 -0.011148489 0.107095510 0.056530043 0.011948145 0.998329401 3.159678698
0.997982204 0.017238930 -0.061108787 -0.288591266 -0.017846189 0.999796510 -0.009405501 0.122163087 0.060934212 0.010477083 0.998086810 3.175226688
0.997904897 0.017477321 -0.062293015 -0.287692398 -0.018042775 0.999800861 -0.008526333 0.114232875 0.062131591 0.009632409 0.998021483 3.201610327
0.997880459 0.020167515 -0.061869726 -0.289921880 -0.020841461 0.999730051 -0.010266960 0.124033026 0.061645970 0.011534654 0.998031437 3.223427773
0.997869372 0.018887119 -0.062449791 -0.293692529 -0.019090084 0.999814272 -0.002654919 0.109655783 0.062388048 0.003841434 0.998044550 3.255524158
0.997585595 0.019068390 -0.066778518 -0.308589220 -0.019003827 0.999818146 0.001601981 0.113965698 0.066796921 -0.000329065 0.997766554 3.267883778
0.997519255 0.018351587 -0.067960329 -0.281831264 -0.018445102 0.999829590 -0.000748767 0.115713969 0.067935012 0.002000445 0.997687757 3.291001320
0.997923553 0.014510229 -0.062753424 -0.283968061 -0.015126528 0.999841809 -0.009357033 0.112064920 0.062607720 0.010286845 0.997985184 3.310638905
0.998336494 0.011136171 -0.056571011 -0.294474065 -0.011109031 0.999937952 0.000794227 0.091197275 0.056576345 -0.000164457 0.998398244 3.341397524
0.997914493 0.010447606 -0.063698396 -0.284742892 -0.011497030 0.999803782 -0.016130641 0.142514914 0.063517377 0.016829342 0.997838795 3.337719440
0.997893989 0.016582487 -0.062710308 -0.281350136 -0.016966840 0.999840379 -0.005601459 0.092940956 0.062607415 0.006653658 0.998016059 3.378805161
0.998292685 0.017239675 -0.055807494 -0.286601096 -0.017550629 0.999833047 -0.005086580 0.113193631 0.055710487 0.006057352 0.998428583 3.393860817
0.998133361 0.017573671 -0.058488786 -0.312037259 -0.017607471 0.999844968 -0.000062533 0.135753989 0.058478624 0.001092256 0.998288035 3.407501698
0.997290313 0.024001233 -0.069541521 -0.285899699 -0.024434246 0.999686956 -0.005382643 0.126305312 0.069390558 0.007067252 0.997564554 3.434387684
0.998105943 0.021092372 -0.057789639 -0.298865736 -0.020583941 0.999744117 0.009379230 0.102217019 0.057972685 -0.008171927 0.998284698 3.461899757
0.998066902 0.019759761 -0.058924135 -0.310760170 -0.020581206 0.999698818 -0.013366530 0.141490340 0.058642272 0.014553420 0.998172998 3.460936546
0.998095095 0.020852581 -0.058063596 -0.299152285 -0.021809682 0.999635696 -0.015899001 0.128835738 0.057710908 0.017135063 0.998186290 3.500972748
0.998015225 0.022530533 -0.058805123 -0.321021974 -0.023149326 0.999683380 -0.009862740 0.120620944 0.058564290 0.011204462 0.998220742 3.524431705
0.997219145 0.022099532 -0.071172670 -0.319020391 -0.022800297 0.999699116 -0.009048588 0.125742257 0.070951283 0.010646182 0.997422993 3.545203686
0.997443676 0.023509968 -0.067478672 -0.301710725 -0.024319343 0.999641538 -0.011198151 0.131168783 0.067191213 0.012810561 0.997657895 3.566359043
0.997820973 0.015633808 -0.064100668 -0.325154781 -0.016132729 0.999843419 -0.007273166 0.123429410 0.063976929 0.008291435 0.997916937 3.585861206
0.997601509 0.011559219 -0.068247095 -0.301061183 -0.012250545 0.999877691 -0.009719930 0.124441333 0.068126395 0.010532680 0.997621119 3.627789497
0.997697949 0.013604673 -0.066436179 -0.315282285 -0.014491541 0.999811947 -0.012885554 0.132607237 0.066248380 0.013818653 0.997707486 3.642981291
0.997677267 0.011289158 -0.067175888 -0.298806190 -0.011790614 0.999905467 -0.007073029 0.124703214 0.067089684 0.007848646 0.997716069 3.666676998
0.998004198 0.014487806 -0.061462790 -0.317339569 -0.015175120 0.999827266 -0.010730566 0.140693665 0.061296709 0.011641855 0.998051703 3.682913065
0.996603370 0.023928352 -0.078798197 -0.303252310 -0.024880480 0.999628544 -0.011123434 0.128444672 0.078502767 0.013046188 0.996828556 3.710787535
0.997027218 0.013409683 -0.075874247 -0.268700063 -0.014191056 0.999851584 -0.009768475 0.114612274 0.075732000 0.010816172 0.997069538 3.763794899
0.997333586 0.011868348 -0.072005890 -0.288660824 -0.012766421 0.999846220 -0.012024816 0.143520877 0.071852095 0.012912011 0.997331738 3.799751759
0.997767627 0.018184155 -0.064257756 -0.311851293 -0.019298006 0.999673367 -0.016756129 0.142827362 0.063932076 0.017958768 0.997792661 3.784597158
0.997941673 0.015416074 -0.062247440 -0.329105496 -0.016201861 0.999795079 -0.012138632 0.143205807 0.062047556 0.013122172 0.997986913 3.798261404
0.996706724 0.018768389 -0.078888856 -0.314378053 -0.019732259 0.999739647 -0.011456304 0.143543094 0.078653298 0.012975230 0.996817589 3.828842640
0.997351527 0.019712603 -0.070009306 -0.307402968 -0.020319784 0.999761760 -0.007971255 0.144917533 0.069835499 0.009372717 0.997514486 3.844961643
0.998176277 0.009666811 -0.059587572 -0.322749943 -0.010644802 0.999813437 -0.016117144 0.142558649 0.059420656 0.016722050 0.998092949 3.866280556
0.997675776 0.012589966 -0.066966414 -0.313994199 -0.013723788 0.999769688 -0.016498184 0.143659800 0.066743284 0.017378872 0.997618794 3.906410933
0.997856319 0.016470086 -0.063336454 -0.315137386 -0.017773442 0.999640584 -0.020070221 0.136380911 0.062983133 0.021152902 0.997790396 3.929539919
0.997941196 0.019173447 -0.061202839 -0.316996247 -0.019936047 0.999730766 -0.011873951 0.126177192 0.060958698 0.013069648 0.998054743 3.951725006
0.997827291 0.022430846 -0.061947849 -0.344182789 -0.023850637 0.999467313 -0.022275472 0.161845848 0.061415192 0.023704568 0.997830808 3.960996866
0.997380912 0.024876695 -0.067914836 -0.331475914 -0.026051037 0.999525070 -0.016460745 0.133707598 0.067473091 0.018186884 0.997555315 3.993404150
0.997613132 0.023776283 -0.064828858 -0.320049077 -0.025224498 0.999448180 -0.021612724 0.131925076 0.064279214 0.023196412 0.997662306 4.008883476
0.998219967 0.021028075 -0.055809878 -0.337701768 -0.022118662 0.999574900 -0.018995825 0.124464676 0.055386707 0.020196453 0.998260677 4.028716087
0.997891843 0.019405797 -0.061929621 -0.341367990 -0.020896409 0.999505103 -0.023513172 0.157504782 0.061442681 0.024757709 0.997803509 4.040505886
0.997542441 0.018545223 -0.067566201 -0.345443875 -0.019838506 0.999631643 -0.018520486 0.156519756 0.067197844 0.019815382 0.997542858 4.064354897
0.997278690 0.018005390 -0.071491793 -0.317163378 -0.019419421 0.999628305 -0.019133344 0.148684368 0.071120724 0.020469606 0.997257650 4.089738369
0.997895539 0.016082764 -0.062815905 -0.331656128 -0.017026380 0.999749660 -0.014515585 0.151716620 0.062566727 0.015554565 0.997919559 4.110528469
0.997797072 0.015419933 -0.064523138 -0.338601172 -0.016901756 0.999604344 -0.022483246 0.154769436 0.064150922 0.023524271 0.997662902 4.124163628
0.997594953 0.014884830 -0.067696013 -0.317138255 -0.016168024 0.999699116 -0.018446986 0.148663044 0.067401059 0.019497130 0.997535467 4.148066044
0.997952461 0.015825389 -0.061971221 -0.345669001 -0.017033605 0.999674082 -0.019016840 0.143220559 0.061650071 0.020033494 0.997896731 4.168043613
0.997459173 0.017205613 -0.069131456 -0.337270349 -0.018650858 0.999619663 -0.020314919 0.160639033 0.068755634 0.021552661 0.997400701 4.181443691
0.997645557 0.017791171 -0.066233203 -0.333997697 -0.019230857 0.999591053 -0.021162866 0.152661160 0.065829605 0.022386761 0.997579694 4.211607456
0.997701049 0.015505127 -0.065970846 -0.341638923 -0.016667515 0.999714732 -0.017105956 0.152816102 0.065686800 0.018166199 0.997674942 4.225625038
0.997627020 0.017268244 -0.066649243 -0.334063172 -0.018795013 0.999573529 -0.022348821 0.172173530 0.066234902 0.023548461 0.997526169 4.240246773
0.997789502 0.013412563 -0.065085985 -0.346421599 -0.014361814 0.999796927 -0.014138644 0.152523696 0.064883135 0.015042144 0.997779489 4.272358894
0.996212721 0.025552090 -0.083110183 -0.333330423 -0.027119115 0.999474049 -0.017780663 0.156975299 0.082612142 0.019967197 0.996381700 4.293314934
0.996727228 0.023569468 -0.077325761 -0.326822132 -0.024129093 0.999688923 -0.006310801 0.152795985 0.077152967 0.008155948 0.996985912 4.311462879
0.998069465 0.007995670 -0.061590899 -0.336155832 -0.009235079 0.999760032 -0.019864945 0.159270406 0.061417285 0.020395393 0.997903764 4.329376221
0.997418463 0.006632138 -0.071501531 -0.337449819 -0.008149267 0.999747396 -0.020947346 0.158739418 0.071344547 0.021475954 0.997220516 4.426028728
0.997502029 0.008253351 -0.070154026 -0.348787725 -0.009931486 0.999671996 -0.023605680 0.174095631 0.069936186 0.024243446 0.997256815 4.438443661
0.997207820 0.008472052 -0.074194320 -0.347874850 -0.009860412 0.999782681 -0.018366210 0.171295494 0.074022599 0.019046515 0.997074664 4.463309288
0.997279525 0.010235540 -0.072998412 -0.345444381 -0.011347241 0.999825656 -0.014830692 0.172347441 0.072833888 0.015618676 0.997221768 4.506597519
0.996755958 0.011002835 -0.079727672 -0.332875311 -0.011978116 0.999859035 -0.011764718 0.148962945 0.079586990 0.012681540 0.996747255 4.535533428
0.997530580 0.016306929 -0.068314366 -0.341595262 -0.017414741 0.999725819 -0.015652329 0.187800571 0.068040393 0.016803354 0.997541070 4.544987679
0.998235583 0.002670139 -0.059317414 -0.349015743 -0.003808363 0.999810636 -0.019083943 0.172105715 0.059255224 0.019276172 0.998056710 4.560378551
0.997823477 0.011298201 -0.064967029 -0.354239523 -0.012372519 0.999792874 -0.016157867 0.186933145 0.064771019 0.016926507 0.997756600 4.575955391
0.998084784 0.008560413 -0.061266124 -0.332019895 -0.009634834 0.999804556 -0.017263038 0.170684293 0.061106369 0.017820263 0.997972190 4.607482433
0.998314559 0.013548422 -0.056431256 -0.357408017 -0.014434188 0.999778450 -0.015318460 0.183603361 0.056211211 0.016107181 0.998288989 4.618797302
0.998109162 0.013908563 -0.059872109 -0.348811775 -0.014981192 0.999734581 -0.017503865 0.176045582 0.059612762 0.018367723 0.998052597 4.640245438
0.998171329 0.015298616 -0.058480572 -0.354739636 -0.016279437 0.999734104 -0.016332243 0.173868462 0.058215160 0.017254408 0.998154938 4.658253193
0.998256922 0.014187253 -0.057287186 -0.339162469 -0.015393282 0.999667943 -0.020666217 0.173259765 0.056974962 0.021512033 0.998143792 4.675693989
0.998610675 0.014413784 -0.050684817 -0.359141499 -0.015267628 0.999747276 -0.016499519 0.166065529 0.050434187 0.017250434 0.998578370 4.696542263
0.998374641 0.015760930 -0.054769237 -0.353771210 -0.017051036 0.999586165 -0.023168365 0.192037329 0.054381419 0.024064580 0.998230219 4.712021351
0.998330712 0.014864624 -0.055810396 -0.348332286 -0.015876548 0.999716699 -0.017732071 0.171479717 0.055531006 0.018588549 0.998283923 4.736166477
0.998443305 0.018382799 -0.052659929 -0.358670712 -0.019549586 0.999572754 -0.021728272 0.181428015 0.052238002 0.022723926 0.998376071 4.751504898
0.998679638 0.015063717 -0.049112316 -0.355368674 -0.015613479 0.999819458 -0.010829578 0.173839822 0.048940312 0.011582094 0.998734534 4.779467583
0.998497665 0.018678851 -0.051512085 -0.343804628 -0.019358318 0.999731660 -0.012723191 0.175479695 0.051260605 0.013701264 0.998591304 4.818623543
0.998825669 0.019294361 -0.044440478 -0.358533382 -0.020000210 0.999679923 -0.015493498 0.179014593 0.044127315 0.016364124 0.998891890 4.859366417
0.998820126 0.019119436 -0.044641118 -0.364085972 -0.020004118 0.999610603 -0.019455740 0.189539492 0.044251751 0.020325789 0.998813629 4.869441509
0.998792887 0.020032011 -0.044849541 -0.360725313 -0.020948868 0.999579132 -0.020067090 0.184167922 0.044428680 0.020982413 0.998792171 4.891003609
0.998958588 0.019794736 -0.041109189 -0.358283281 -0.020970024 0.999377847 -0.028357746 0.216874972 0.040522277 0.029190274 0.998752177 4.899182796
0.999098003 0.018529465 -0.038208224 -0.378390610 -0.019533006 0.999469519 -0.026061229 0.183252379 0.037705056 0.026784044 0.998929918 4.926684380
0.998857737 0.018473100 -0.044067580 -0.359024644 -0.019548371 0.999518514 -0.024095668 0.195383951 0.043601241 0.024929592 0.998737931 4.940910339
0.999107718 0.016096260 -0.039047755 -0.348941803 -0.017137844 0.999502182 -0.026488207 0.182087198 0.038601957 0.027133767 0.998886228 4.966925144
0.999116480 0.017377313 -0.038265243 -0.372670859 -0.018364277 0.999503732 -0.025594078 0.189973623 0.037801497 0.026274178 0.998939812 4.982735157
0.998947501 0.017282341 -0.042488385 -0.359970212 -0.018437207 0.999467015 -0.026940830 0.187660441 0.042000141 0.027695842 0.998733640 5.001017570
0.999063551 0.017658714 -0.039499674 -0.363902777 -0.018696066 0.999485850 -0.026048893 0.185205743 0.039019372 0.026762987 0.998879969 5.021214008
0.999190211 0.018478679 -0.035741404 -0.371166378 -0.019393934 0.999488413 -0.025432793 0.195086583 0.035253152 0.026105365 0.999037385 5.036264420
0.998830795 0.013709352 -0.046358291 -0.355521947 -0.015195034 0.999377191 -0.031848736 0.183938324 0.045892794 0.032515913 0.998417020 5.095429420
0.998768508 0.010836211 -0.048415694 -0.364706933 -0.012696131 0.999186575 -0.038274750 0.213339418 0.047961559 0.038842306 0.998093665 5.124743938
0.998521566 0.012860253 -0.052813761 -0.363777548 -0.013928666 0.999704719 -0.019911814 0.179439381 0.052542098 0.020618003 0.998405814 5.156996250
0.998512447 0.013838278 -0.052739047 -0.367641360 -0.015561963 0.999353349 -0.032413997 0.211036623 0.052256390 0.033186503 0.998082101 5.163181782
0.998296320 0.011758864 -0.057150319 -0.361755013 -0.013086243 0.999651909 -0.022907602 0.167578086 0.056861058 0.023616457 0.998102725 5.202873707
0.998311162 0.011580123 -0.056926917 -0.373697639 -0.012807531 0.999692261 -0.021243781 0.189336389 0.056663398 0.021936998 0.998152316 5.213482380
0.997740865 0.010382912 -0.066373147 -0.375323802 -0.012077590 0.999609888 -0.025182500 0.221211448 0.066085793 0.025927238 0.997477055 5.221999645
0.997420490 0.010530559 -0.071003683 -0.366589427 -0.012183571 0.999663770 -0.022887887 0.202081844 0.070738785 0.023693925 0.997213423 5.251453876
